>Feature MK448731
1068	1	CDS
			product	integrase
			locus_tag	XOCWTYBS_CDS_0001
			transl_table	0     11
1     11
2     11
3     11
4     11
5     11
6     11
7     11
8     11
9     11
10    11
11    11
12    11
13    11
14    11
15    11
16    11
17    11
18    11
19    11
20    11
21    11
22    11
23    11
24    11
25    11
26    11
27    11
28    11
29    11
30    11
31    11
32    11
33    11
34    11
35    11
36    11
37    11
38    11
39    11
40    11
41    11
42    11
43    11
44    11
45    11
46    11
47    11
48    11
49    11
50    11
51    11
52    11
53    11
54    11
55    11
56    11
57    11
Name: transl_table, dtype: object
1596	1192	CDS
			product	hypothetical protein
			locus_tag	XOCWTYBS_CDS_0002
			transl_table	0     11
1     11
2     11
3     11
4     11
5     11
6     11
7     11
8     11
9     11
10    11
11    11
12    11
13    11
14    11
15    11
16    11
17    11
18    11
19    11
20    11
21    11
22    11
23    11
24    11
25    11
26    11
27    11
28    11
29    11
30    11
31    11
32    11
33    11
34    11
35    11
36    11
37    11
38    11
39    11
40    11
41    11
42    11
43    11
44    11
45    11
46    11
47    11
48    11
49    11
50    11
51    11
52    11
53    11
54    11
55    11
56    11
57    11
Name: transl_table, dtype: object
2283	1618	CDS
			product	hypothetical protein
			locus_tag	XOCWTYBS_CDS_0003
			transl_table	0     11
1     11
2     11
3     11
4     11
5     11
6     11
7     11
8     11
9     11
10    11
11    11
12    11
13    11
14    11
15    11
16    11
17    11
18    11
19    11
20    11
21    11
22    11
23    11
24    11
25    11
26    11
27    11
28    11
29    11
30    11
31    11
32    11
33    11
34    11
35    11
36    11
37    11
38    11
39    11
40    11
41    11
42    11
43    11
44    11
45    11
46    11
47    11
48    11
49    11
50    11
51    11
52    11
53    11
54    11
55    11
56    11
57    11
Name: transl_table, dtype: object
2753	2373	CDS
			product	transcriptional regulator
			locus_tag	XOCWTYBS_CDS_0004
			transl_table	0     11
1     11
2     11
3     11
4     11
5     11
6     11
7     11
8     11
9     11
10    11
11    11
12    11
13    11
14    11
15    11
16    11
17    11
18    11
19    11
20    11
21    11
22    11
23    11
24    11
25    11
26    11
27    11
28    11
29    11
30    11
31    11
32    11
33    11
34    11
35    11
36    11
37    11
38    11
39    11
40    11
41    11
42    11
43    11
44    11
45    11
46    11
47    11
48    11
49    11
50    11
51    11
52    11
53    11
54    11
55    11
56    11
57    11
Name: transl_table, dtype: object
2728	2817	CDS
			product	hypothetical protein
			locus_tag	XOCWTYBS_CDS_0005
			transl_table	0     11
1     11
2     11
3     11
4     11
5     11
6     11
7     11
8     11
9     11
10    11
11    11
12    11
13    11
14    11
15    11
16    11
17    11
18    11
19    11
20    11
21    11
22    11
23    11
24    11
25    11
26    11
27    11
28    11
29    11
30    11
31    11
32    11
33    11
34    11
35    11
36    11
37    11
38    11
39    11
40    11
41    11
42    11
43    11
44    11
45    11
46    11
47    11
48    11
49    11
50    11
51    11
52    11
53    11
54    11
55    11
56    11
57    11
Name: transl_table, dtype: object
3056	2955	CDS
			product	hypothetical protein
			locus_tag	XOCWTYBS_CDS_0006
			transl_table	0     11
1     11
2     11
3     11
4     11
5     11
6     11
7     11
8     11
9     11
10    11
11    11
12    11
13    11
14    11
15    11
16    11
17    11
18    11
19    11
20    11
21    11
22    11
23    11
24    11
25    11
26    11
27    11
28    11
29    11
30    11
31    11
32    11
33    11
34    11
35    11
36    11
37    11
38    11
39    11
40    11
41    11
42    11
43    11
44    11
45    11
46    11
47    11
48    11
49    11
50    11
51    11
52    11
53    11
54    11
55    11
56    11
57    11
Name: transl_table, dtype: object
3041	3205	CDS
			product	hypothetical protein
			locus_tag	XOCWTYBS_CDS_0007
			transl_table	0     11
1     11
2     11
3     11
4     11
5     11
6     11
7     11
8     11
9     11
10    11
11    11
12    11
13    11
14    11
15    11
16    11
17    11
18    11
19    11
20    11
21    11
22    11
23    11
24    11
25    11
26    11
27    11
28    11
29    11
30    11
31    11
32    11
33    11
34    11
35    11
36    11
37    11
38    11
39    11
40    11
41    11
42    11
43    11
44    11
45    11
46    11
47    11
48    11
49    11
50    11
51    11
52    11
53    11
54    11
55    11
56    11
57    11
Name: transl_table, dtype: object
3658	3188	CDS
			product	hypothetical protein
			locus_tag	XOCWTYBS_CDS_0008
			transl_table	0     11
1     11
2     11
3     11
4     11
5     11
6     11
7     11
8     11
9     11
10    11
11    11
12    11
13    11
14    11
15    11
16    11
17    11
18    11
19    11
20    11
21    11
22    11
23    11
24    11
25    11
26    11
27    11
28    11
29    11
30    11
31    11
32    11
33    11
34    11
35    11
36    11
37    11
38    11
39    11
40    11
41    11
42    11
43    11
44    11
45    11
46    11
47    11
48    11
49    11
50    11
51    11
52    11
53    11
54    11
55    11
56    11
57    11
Name: transl_table, dtype: object
3620	3931	CDS
			product	transcriptional repressor
			locus_tag	XOCWTYBS_CDS_0009
			transl_table	0     11
1     11
2     11
3     11
4     11
5     11
6     11
7     11
8     11
9     11
10    11
11    11
12    11
13    11
14    11
15    11
16    11
17    11
18    11
19    11
20    11
21    11
22    11
23    11
24    11
25    11
26    11
27    11
28    11
29    11
30    11
31    11
32    11
33    11
34    11
35    11
36    11
37    11
38    11
39    11
40    11
41    11
42    11
43    11
44    11
45    11
46    11
47    11
48    11
49    11
50    11
51    11
52    11
53    11
54    11
55    11
56    11
57    11
Name: transl_table, dtype: object
3931	4176	CDS
			product	hypothetical protein
			locus_tag	XOCWTYBS_CDS_0010
			transl_table	0     11
1     11
2     11
3     11
4     11
5     11
6     11
7     11
8     11
9     11
10    11
11    11
12    11
13    11
14    11
15    11
16    11
17    11
18    11
19    11
20    11
21    11
22    11
23    11
24    11
25    11
26    11
27    11
28    11
29    11
30    11
31    11
32    11
33    11
34    11
35    11
36    11
37    11
38    11
39    11
40    11
41    11
42    11
43    11
44    11
45    11
46    11
47    11
48    11
49    11
50    11
51    11
52    11
53    11
54    11
55    11
56    11
57    11
Name: transl_table, dtype: object
4318	4848	CDS
			product	HNH endonuclease
			locus_tag	XOCWTYBS_CDS_0011
			transl_table	0     11
1     11
2     11
3     11
4     11
5     11
6     11
7     11
8     11
9     11
10    11
11    11
12    11
13    11
14    11
15    11
16    11
17    11
18    11
19    11
20    11
21    11
22    11
23    11
24    11
25    11
26    11
27    11
28    11
29    11
30    11
31    11
32    11
33    11
34    11
35    11
36    11
37    11
38    11
39    11
40    11
41    11
42    11
43    11
44    11
45    11
46    11
47    11
48    11
49    11
50    11
51    11
52    11
53    11
54    11
55    11
56    11
57    11
Name: transl_table, dtype: object
4848	5132	CDS
			product	HTH DNA binding protein
			locus_tag	XOCWTYBS_CDS_0012
			transl_table	0     11
1     11
2     11
3     11
4     11
5     11
6     11
7     11
8     11
9     11
10    11
11    11
12    11
13    11
14    11
15    11
16    11
17    11
18    11
19    11
20    11
21    11
22    11
23    11
24    11
25    11
26    11
27    11
28    11
29    11
30    11
31    11
32    11
33    11
34    11
35    11
36    11
37    11
38    11
39    11
40    11
41    11
42    11
43    11
44    11
45    11
46    11
47    11
48    11
49    11
50    11
51    11
52    11
53    11
54    11
55    11
56    11
57    11
Name: transl_table, dtype: object
5156	5374	CDS
			product	hypothetical protein
			locus_tag	XOCWTYBS_CDS_0013
			transl_table	0     11
1     11
2     11
3     11
4     11
5     11
6     11
7     11
8     11
9     11
10    11
11    11
12    11
13    11
14    11
15    11
16    11
17    11
18    11
19    11
20    11
21    11
22    11
23    11
24    11
25    11
26    11
27    11
28    11
29    11
30    11
31    11
32    11
33    11
34    11
35    11
36    11
37    11
38    11
39    11
40    11
41    11
42    11
43    11
44    11
45    11
46    11
47    11
48    11
49    11
50    11
51    11
52    11
53    11
54    11
55    11
56    11
57    11
Name: transl_table, dtype: object
5383	6714	CDS
			product	DnaB-like replicative helicase
			locus_tag	XOCWTYBS_CDS_0014
			transl_table	0     11
1     11
2     11
3     11
4     11
5     11
6     11
7     11
8     11
9     11
10    11
11    11
12    11
13    11
14    11
15    11
16    11
17    11
18    11
19    11
20    11
21    11
22    11
23    11
24    11
25    11
26    11
27    11
28    11
29    11
30    11
31    11
32    11
33    11
34    11
35    11
36    11
37    11
38    11
39    11
40    11
41    11
42    11
43    11
44    11
45    11
46    11
47    11
48    11
49    11
50    11
51    11
52    11
53    11
54    11
55    11
56    11
57    11
Name: transl_table, dtype: object
6716	7318	CDS
			product	hypothetical protein
			locus_tag	XOCWTYBS_CDS_0015
			transl_table	0     11
1     11
2     11
3     11
4     11
5     11
6     11
7     11
8     11
9     11
10    11
11    11
12    11
13    11
14    11
15    11
16    11
17    11
18    11
19    11
20    11
21    11
22    11
23    11
24    11
25    11
26    11
27    11
28    11
29    11
30    11
31    11
32    11
33    11
34    11
35    11
36    11
37    11
38    11
39    11
40    11
41    11
42    11
43    11
44    11
45    11
46    11
47    11
48    11
49    11
50    11
51    11
52    11
53    11
54    11
55    11
56    11
57    11
Name: transl_table, dtype: object
7293	8042	CDS
			product	DnaD-like helicase loader
			locus_tag	XOCWTYBS_CDS_0016
			transl_table	0     11
1     11
2     11
3     11
4     11
5     11
6     11
7     11
8     11
9     11
10    11
11    11
12    11
13    11
14    11
15    11
16    11
17    11
18    11
19    11
20    11
21    11
22    11
23    11
24    11
25    11
26    11
27    11
28    11
29    11
30    11
31    11
32    11
33    11
34    11
35    11
36    11
37    11
38    11
39    11
40    11
41    11
42    11
43    11
44    11
45    11
46    11
47    11
48    11
49    11
50    11
51    11
52    11
53    11
54    11
55    11
56    11
57    11
Name: transl_table, dtype: object
8043	8864	CDS
			product	DnaC-like helicase loader
			locus_tag	XOCWTYBS_CDS_0017
			transl_table	0     11
1     11
2     11
3     11
4     11
5     11
6     11
7     11
8     11
9     11
10    11
11    11
12    11
13    11
14    11
15    11
16    11
17    11
18    11
19    11
20    11
21    11
22    11
23    11
24    11
25    11
26    11
27    11
28    11
29    11
30    11
31    11
32    11
33    11
34    11
35    11
36    11
37    11
38    11
39    11
40    11
41    11
42    11
43    11
44    11
45    11
46    11
47    11
48    11
49    11
50    11
51    11
52    11
53    11
54    11
55    11
56    11
57    11
Name: transl_table, dtype: object
8864	10177	CDS
			product	DNA methyltransferase
			locus_tag	XOCWTYBS_CDS_0018
			transl_table	0     11
1     11
2     11
3     11
4     11
5     11
6     11
7     11
8     11
9     11
10    11
11    11
12    11
13    11
14    11
15    11
16    11
17    11
18    11
19    11
20    11
21    11
22    11
23    11
24    11
25    11
26    11
27    11
28    11
29    11
30    11
31    11
32    11
33    11
34    11
35    11
36    11
37    11
38    11
39    11
40    11
41    11
42    11
43    11
44    11
45    11
46    11
47    11
48    11
49    11
50    11
51    11
52    11
53    11
54    11
55    11
56    11
57    11
Name: transl_table, dtype: object
10174	10578	CDS
			product	hypothetical protein
			locus_tag	XOCWTYBS_CDS_0019
			transl_table	0     11
1     11
2     11
3     11
4     11
5     11
6     11
7     11
8     11
9     11
10    11
11    11
12    11
13    11
14    11
15    11
16    11
17    11
18    11
19    11
20    11
21    11
22    11
23    11
24    11
25    11
26    11
27    11
28    11
29    11
30    11
31    11
32    11
33    11
34    11
35    11
36    11
37    11
38    11
39    11
40    11
41    11
42    11
43    11
44    11
45    11
46    11
47    11
48    11
49    11
50    11
51    11
52    11
53    11
54    11
55    11
56    11
57    11
Name: transl_table, dtype: object
10571	11062	CDS
			product	MazG-like pyrophosphatase
			locus_tag	XOCWTYBS_CDS_0020
			transl_table	0     11
1     11
2     11
3     11
4     11
5     11
6     11
7     11
8     11
9     11
10    11
11    11
12    11
13    11
14    11
15    11
16    11
17    11
18    11
19    11
20    11
21    11
22    11
23    11
24    11
25    11
26    11
27    11
28    11
29    11
30    11
31    11
32    11
33    11
34    11
35    11
36    11
37    11
38    11
39    11
40    11
41    11
42    11
43    11
44    11
45    11
46    11
47    11
48    11
49    11
50    11
51    11
52    11
53    11
54    11
55    11
56    11
57    11
Name: transl_table, dtype: object
11062	11391	CDS
			product	hypothetical protein
			locus_tag	XOCWTYBS_CDS_0021
			transl_table	0     11
1     11
2     11
3     11
4     11
5     11
6     11
7     11
8     11
9     11
10    11
11    11
12    11
13    11
14    11
15    11
16    11
17    11
18    11
19    11
20    11
21    11
22    11
23    11
24    11
25    11
26    11
27    11
28    11
29    11
30    11
31    11
32    11
33    11
34    11
35    11
36    11
37    11
38    11
39    11
40    11
41    11
42    11
43    11
44    11
45    11
46    11
47    11
48    11
49    11
50    11
51    11
52    11
53    11
54    11
55    11
56    11
57    11
Name: transl_table, dtype: object
11391	11747	CDS
			product	hypothetical protein
			locus_tag	XOCWTYBS_CDS_0022
			transl_table	0     11
1     11
2     11
3     11
4     11
5     11
6     11
7     11
8     11
9     11
10    11
11    11
12    11
13    11
14    11
15    11
16    11
17    11
18    11
19    11
20    11
21    11
22    11
23    11
24    11
25    11
26    11
27    11
28    11
29    11
30    11
31    11
32    11
33    11
34    11
35    11
36    11
37    11
38    11
39    11
40    11
41    11
42    11
43    11
44    11
45    11
46    11
47    11
48    11
49    11
50    11
51    11
52    11
53    11
54    11
55    11
56    11
57    11
Name: transl_table, dtype: object
11744	11950	CDS
			product	hypothetical protein
			locus_tag	XOCWTYBS_CDS_0023
			transl_table	0     11
1     11
2     11
3     11
4     11
5     11
6     11
7     11
8     11
9     11
10    11
11    11
12    11
13    11
14    11
15    11
16    11
17    11
18    11
19    11
20    11
21    11
22    11
23    11
24    11
25    11
26    11
27    11
28    11
29    11
30    11
31    11
32    11
33    11
34    11
35    11
36    11
37    11
38    11
39    11
40    11
41    11
42    11
43    11
44    11
45    11
46    11
47    11
48    11
49    11
50    11
51    11
52    11
53    11
54    11
55    11
56    11
57    11
Name: transl_table, dtype: object
11940	12356	CDS
			product	single strand DNA binding protein
			locus_tag	XOCWTYBS_CDS_0024
			transl_table	0     11
1     11
2     11
3     11
4     11
5     11
6     11
7     11
8     11
9     11
10    11
11    11
12    11
13    11
14    11
15    11
16    11
17    11
18    11
19    11
20    11
21    11
22    11
23    11
24    11
25    11
26    11
27    11
28    11
29    11
30    11
31    11
32    11
33    11
34    11
35    11
36    11
37    11
38    11
39    11
40    11
41    11
42    11
43    11
44    11
45    11
46    11
47    11
48    11
49    11
50    11
51    11
52    11
53    11
54    11
55    11
56    11
57    11
Name: transl_table, dtype: object
12443	12553	CDS
			product	hypothetical protein
			locus_tag	XOCWTYBS_CDS_0025
			transl_table	0     11
1     11
2     11
3     11
4     11
5     11
6     11
7     11
8     11
9     11
10    11
11    11
12    11
13    11
14    11
15    11
16    11
17    11
18    11
19    11
20    11
21    11
22    11
23    11
24    11
25    11
26    11
27    11
28    11
29    11
30    11
31    11
32    11
33    11
34    11
35    11
36    11
37    11
38    11
39    11
40    11
41    11
42    11
43    11
44    11
45    11
46    11
47    11
48    11
49    11
50    11
51    11
52    11
53    11
54    11
55    11
56    11
57    11
Name: transl_table, dtype: object
12641	12817	CDS
			product	hypothetical protein
			locus_tag	XOCWTYBS_CDS_0026
			transl_table	0     11
1     11
2     11
3     11
4     11
5     11
6     11
7     11
8     11
9     11
10    11
11    11
12    11
13    11
14    11
15    11
16    11
17    11
18    11
19    11
20    11
21    11
22    11
23    11
24    11
25    11
26    11
27    11
28    11
29    11
30    11
31    11
32    11
33    11
34    11
35    11
36    11
37    11
38    11
39    11
40    11
41    11
42    11
43    11
44    11
45    11
46    11
47    11
48    11
49    11
50    11
51    11
52    11
53    11
54    11
55    11
56    11
57    11
Name: transl_table, dtype: object
12937	14256	CDS
			product	Reverse transcriptase
			locus_tag	XOCWTYBS_CDS_0027
			transl_table	0     11
1     11
2     11
3     11
4     11
5     11
6     11
7     11
8     11
9     11
10    11
11    11
12    11
13    11
14    11
15    11
16    11
17    11
18    11
19    11
20    11
21    11
22    11
23    11
24    11
25    11
26    11
27    11
28    11
29    11
30    11
31    11
32    11
33    11
34    11
35    11
36    11
37    11
38    11
39    11
40    11
41    11
42    11
43    11
44    11
45    11
46    11
47    11
48    11
49    11
50    11
51    11
52    11
53    11
54    11
55    11
56    11
57    11
Name: transl_table, dtype: object
14292	14402	CDS
			product	hypothetical protein
			locus_tag	XOCWTYBS_CDS_0028
			transl_table	0     11
1     11
2     11
3     11
4     11
5     11
6     11
7     11
8     11
9     11
10    11
11    11
12    11
13    11
14    11
15    11
16    11
17    11
18    11
19    11
20    11
21    11
22    11
23    11
24    11
25    11
26    11
27    11
28    11
29    11
30    11
31    11
32    11
33    11
34    11
35    11
36    11
37    11
38    11
39    11
40    11
41    11
42    11
43    11
44    11
45    11
46    11
47    11
48    11
49    11
50    11
51    11
52    11
53    11
54    11
55    11
56    11
57    11
Name: transl_table, dtype: object
14389	14649	CDS
			product	hypothetical protein
			locus_tag	XOCWTYBS_CDS_0029
			transl_table	0     11
1     11
2     11
3     11
4     11
5     11
6     11
7     11
8     11
9     11
10    11
11    11
12    11
13    11
14    11
15    11
16    11
17    11
18    11
19    11
20    11
21    11
22    11
23    11
24    11
25    11
26    11
27    11
28    11
29    11
30    11
31    11
32    11
33    11
34    11
35    11
36    11
37    11
38    11
39    11
40    11
41    11
42    11
43    11
44    11
45    11
46    11
47    11
48    11
49    11
50    11
51    11
52    11
53    11
54    11
55    11
56    11
57    11
Name: transl_table, dtype: object
14646	14993	CDS
			product	transcriptional regulator
			locus_tag	XOCWTYBS_CDS_0030
			transl_table	0     11
1     11
2     11
3     11
4     11
5     11
6     11
7     11
8     11
9     11
10    11
11    11
12    11
13    11
14    11
15    11
16    11
17    11
18    11
19    11
20    11
21    11
22    11
23    11
24    11
25    11
26    11
27    11
28    11
29    11
30    11
31    11
32    11
33    11
34    11
35    11
36    11
37    11
38    11
39    11
40    11
41    11
42    11
43    11
44    11
45    11
46    11
47    11
48    11
49    11
50    11
51    11
52    11
53    11
54    11
55    11
56    11
57    11
Name: transl_table, dtype: object
14951	15454	CDS
			product	transcriptional regulator
			locus_tag	XOCWTYBS_CDS_0031
			transl_table	0     11
1     11
2     11
3     11
4     11
5     11
6     11
7     11
8     11
9     11
10    11
11    11
12    11
13    11
14    11
15    11
16    11
17    11
18    11
19    11
20    11
21    11
22    11
23    11
24    11
25    11
26    11
27    11
28    11
29    11
30    11
31    11
32    11
33    11
34    11
35    11
36    11
37    11
38    11
39    11
40    11
41    11
42    11
43    11
44    11
45    11
46    11
47    11
48    11
49    11
50    11
51    11
52    11
53    11
54    11
55    11
56    11
57    11
Name: transl_table, dtype: object
15564	16106	CDS
			product	integrase
			locus_tag	XOCWTYBS_CDS_0032
			transl_table	0     11
1     11
2     11
3     11
4     11
5     11
6     11
7     11
8     11
9     11
10    11
11    11
12    11
13    11
14    11
15    11
16    11
17    11
18    11
19    11
20    11
21    11
22    11
23    11
24    11
25    11
26    11
27    11
28    11
29    11
30    11
31    11
32    11
33    11
34    11
35    11
36    11
37    11
38    11
39    11
40    11
41    11
42    11
43    11
44    11
45    11
46    11
47    11
48    11
49    11
50    11
51    11
52    11
53    11
54    11
55    11
56    11
57    11
Name: transl_table, dtype: object
16365	16171	CDS
			product	hypothetical protein
			locus_tag	XOCWTYBS_CDS_0033
			transl_table	0     11
1     11
2     11
3     11
4     11
5     11
6     11
7     11
8     11
9     11
10    11
11    11
12    11
13    11
14    11
15    11
16    11
17    11
18    11
19    11
20    11
21    11
22    11
23    11
24    11
25    11
26    11
27    11
28    11
29    11
30    11
31    11
32    11
33    11
34    11
35    11
36    11
37    11
38    11
39    11
40    11
41    11
42    11
43    11
44    11
45    11
46    11
47    11
48    11
49    11
50    11
51    11
52    11
53    11
54    11
55    11
56    11
57    11
Name: transl_table, dtype: object
16396	16683	CDS
			product	hypothetical protein
			locus_tag	XOCWTYBS_CDS_0034
			transl_table	0     11
1     11
2     11
3     11
4     11
5     11
6     11
7     11
8     11
9     11
10    11
11    11
12    11
13    11
14    11
15    11
16    11
17    11
18    11
19    11
20    11
21    11
22    11
23    11
24    11
25    11
26    11
27    11
28    11
29    11
30    11
31    11
32    11
33    11
34    11
35    11
36    11
37    11
38    11
39    11
40    11
41    11
42    11
43    11
44    11
45    11
46    11
47    11
48    11
49    11
50    11
51    11
52    11
53    11
54    11
55    11
56    11
57    11
Name: transl_table, dtype: object
16794	17042	CDS
			product	HNH endonuclease
			locus_tag	XOCWTYBS_CDS_0035
			transl_table	0     11
1     11
2     11
3     11
4     11
5     11
6     11
7     11
8     11
9     11
10    11
11    11
12    11
13    11
14    11
15    11
16    11
17    11
18    11
19    11
20    11
21    11
22    11
23    11
24    11
25    11
26    11
27    11
28    11
29    11
30    11
31    11
32    11
33    11
34    11
35    11
36    11
37    11
38    11
39    11
40    11
41    11
42    11
43    11
44    11
45    11
46    11
47    11
48    11
49    11
50    11
51    11
52    11
53    11
54    11
55    11
56    11
57    11
Name: transl_table, dtype: object
17039	17149	CDS
			product	hypothetical protein
			locus_tag	XOCWTYBS_CDS_0036
			transl_table	0     11
1     11
2     11
3     11
4     11
5     11
6     11
7     11
8     11
9     11
10    11
11    11
12    11
13    11
14    11
15    11
16    11
17    11
18    11
19    11
20    11
21    11
22    11
23    11
24    11
25    11
26    11
27    11
28    11
29    11
30    11
31    11
32    11
33    11
34    11
35    11
36    11
37    11
38    11
39    11
40    11
41    11
42    11
43    11
44    11
45    11
46    11
47    11
48    11
49    11
50    11
51    11
52    11
53    11
54    11
55    11
56    11
57    11
Name: transl_table, dtype: object
17130	17615	CDS
			product	hypothetical protein
			locus_tag	XOCWTYBS_CDS_0037
			transl_table	0     11
1     11
2     11
3     11
4     11
5     11
6     11
7     11
8     11
9     11
10    11
11    11
12    11
13    11
14    11
15    11
16    11
17    11
18    11
19    11
20    11
21    11
22    11
23    11
24    11
25    11
26    11
27    11
28    11
29    11
30    11
31    11
32    11
33    11
34    11
35    11
36    11
37    11
38    11
39    11
40    11
41    11
42    11
43    11
44    11
45    11
46    11
47    11
48    11
49    11
50    11
51    11
52    11
53    11
54    11
55    11
56    11
57    11
Name: transl_table, dtype: object
17608	19320	CDS
			product	terminase large subunit
			locus_tag	XOCWTYBS_CDS_0038
			transl_table	0     11
1     11
2     11
3     11
4     11
5     11
6     11
7     11
8     11
9     11
10    11
11    11
12    11
13    11
14    11
15    11
16    11
17    11
18    11
19    11
20    11
21    11
22    11
23    11
24    11
25    11
26    11
27    11
28    11
29    11
30    11
31    11
32    11
33    11
34    11
35    11
36    11
37    11
38    11
39    11
40    11
41    11
42    11
43    11
44    11
45    11
46    11
47    11
48    11
49    11
50    11
51    11
52    11
53    11
54    11
55    11
56    11
57    11
Name: transl_table, dtype: object
19329	20471	CDS
			product	portal protein
			locus_tag	XOCWTYBS_CDS_0039
			transl_table	0     11
1     11
2     11
3     11
4     11
5     11
6     11
7     11
8     11
9     11
10    11
11    11
12    11
13    11
14    11
15    11
16    11
17    11
18    11
19    11
20    11
21    11
22    11
23    11
24    11
25    11
26    11
27    11
28    11
29    11
30    11
31    11
32    11
33    11
34    11
35    11
36    11
37    11
38    11
39    11
40    11
41    11
42    11
43    11
44    11
45    11
46    11
47    11
48    11
49    11
50    11
51    11
52    11
53    11
54    11
55    11
56    11
57    11
Name: transl_table, dtype: object
20521	21063	CDS
			product	head maturation protease
			locus_tag	XOCWTYBS_CDS_0040
			transl_table	0     11
1     11
2     11
3     11
4     11
5     11
6     11
7     11
8     11
9     11
10    11
11    11
12    11
13    11
14    11
15    11
16    11
17    11
18    11
19    11
20    11
21    11
22    11
23    11
24    11
25    11
26    11
27    11
28    11
29    11
30    11
31    11
32    11
33    11
34    11
35    11
36    11
37    11
38    11
39    11
40    11
41    11
42    11
43    11
44    11
45    11
46    11
47    11
48    11
49    11
50    11
51    11
52    11
53    11
54    11
55    11
56    11
57    11
Name: transl_table, dtype: object
21074	22336	CDS
			product	major head protein
			locus_tag	XOCWTYBS_CDS_0041
			transl_table	0     11
1     11
2     11
3     11
4     11
5     11
6     11
7     11
8     11
9     11
10    11
11    11
12    11
13    11
14    11
15    11
16    11
17    11
18    11
19    11
20    11
21    11
22    11
23    11
24    11
25    11
26    11
27    11
28    11
29    11
30    11
31    11
32    11
33    11
34    11
35    11
36    11
37    11
38    11
39    11
40    11
41    11
42    11
43    11
44    11
45    11
46    11
47    11
48    11
49    11
50    11
51    11
52    11
53    11
54    11
55    11
56    11
57    11
Name: transl_table, dtype: object
22357	22692	CDS
			product	virion structural protein
			locus_tag	XOCWTYBS_CDS_0042
			transl_table	0     11
1     11
2     11
3     11
4     11
5     11
6     11
7     11
8     11
9     11
10    11
11    11
12    11
13    11
14    11
15    11
16    11
17    11
18    11
19    11
20    11
21    11
22    11
23    11
24    11
25    11
26    11
27    11
28    11
29    11
30    11
31    11
32    11
33    11
34    11
35    11
36    11
37    11
38    11
39    11
40    11
41    11
42    11
43    11
44    11
45    11
46    11
47    11
48    11
49    11
50    11
51    11
52    11
53    11
54    11
55    11
56    11
57    11
Name: transl_table, dtype: object
22689	22994	CDS
			product	head-tail adaptor
			locus_tag	XOCWTYBS_CDS_0043
			transl_table	0     11
1     11
2     11
3     11
4     11
5     11
6     11
7     11
8     11
9     11
10    11
11    11
12    11
13    11
14    11
15    11
16    11
17    11
18    11
19    11
20    11
21    11
22    11
23    11
24    11
25    11
26    11
27    11
28    11
29    11
30    11
31    11
32    11
33    11
34    11
35    11
36    11
37    11
38    11
39    11
40    11
41    11
42    11
43    11
44    11
45    11
46    11
47    11
48    11
49    11
50    11
51    11
52    11
53    11
54    11
55    11
56    11
57    11
Name: transl_table, dtype: object
22994	23341	CDS
			product	hypothetical protein
			locus_tag	XOCWTYBS_CDS_0044
			transl_table	0     11
1     11
2     11
3     11
4     11
5     11
6     11
7     11
8     11
9     11
10    11
11    11
12    11
13    11
14    11
15    11
16    11
17    11
18    11
19    11
20    11
21    11
22    11
23    11
24    11
25    11
26    11
27    11
28    11
29    11
30    11
31    11
32    11
33    11
34    11
35    11
36    11
37    11
38    11
39    11
40    11
41    11
42    11
43    11
44    11
45    11
46    11
47    11
48    11
49    11
50    11
51    11
52    11
53    11
54    11
55    11
56    11
57    11
Name: transl_table, dtype: object
23349	23672	CDS
			product	tail completion or Neck1 protein
			locus_tag	XOCWTYBS_CDS_0045
			transl_table	0     11
1     11
2     11
3     11
4     11
5     11
6     11
7     11
8     11
9     11
10    11
11    11
12    11
13    11
14    11
15    11
16    11
17    11
18    11
19    11
20    11
21    11
22    11
23    11
24    11
25    11
26    11
27    11
28    11
29    11
30    11
31    11
32    11
33    11
34    11
35    11
36    11
37    11
38    11
39    11
40    11
41    11
42    11
43    11
44    11
45    11
46    11
47    11
48    11
49    11
50    11
51    11
52    11
53    11
54    11
55    11
56    11
57    11
Name: transl_table, dtype: object
23687	24370	CDS
			product	major tail protein
			locus_tag	XOCWTYBS_CDS_0046
			transl_table	0     11
1     11
2     11
3     11
4     11
5     11
6     11
7     11
8     11
9     11
10    11
11    11
12    11
13    11
14    11
15    11
16    11
17    11
18    11
19    11
20    11
21    11
22    11
23    11
24    11
25    11
26    11
27    11
28    11
29    11
30    11
31    11
32    11
33    11
34    11
35    11
36    11
37    11
38    11
39    11
40    11
41    11
42    11
43    11
44    11
45    11
46    11
47    11
48    11
49    11
50    11
51    11
52    11
53    11
54    11
55    11
56    11
57    11
Name: transl_table, dtype: object
24370	24846	CDS
			product	hypothetical protein
			locus_tag	XOCWTYBS_CDS_0047
			transl_table	0     11
1     11
2     11
3     11
4     11
5     11
6     11
7     11
8     11
9     11
10    11
11    11
12    11
13    11
14    11
15    11
16    11
17    11
18    11
19    11
20    11
21    11
22    11
23    11
24    11
25    11
26    11
27    11
28    11
29    11
30    11
31    11
32    11
33    11
34    11
35    11
36    11
37    11
38    11
39    11
40    11
41    11
42    11
43    11
44    11
45    11
46    11
47    11
48    11
49    11
50    11
51    11
52    11
53    11
54    11
55    11
56    11
57    11
Name: transl_table, dtype: object
24885	25013	CDS
			product	hypothetical protein
			locus_tag	XOCWTYBS_CDS_0048
			transl_table	0     11
1     11
2     11
3     11
4     11
5     11
6     11
7     11
8     11
9     11
10    11
11    11
12    11
13    11
14    11
15    11
16    11
17    11
18    11
19    11
20    11
21    11
22    11
23    11
24    11
25    11
26    11
27    11
28    11
29    11
30    11
31    11
32    11
33    11
34    11
35    11
36    11
37    11
38    11
39    11
40    11
41    11
42    11
43    11
44    11
45    11
46    11
47    11
48    11
49    11
50    11
51    11
52    11
53    11
54    11
55    11
56    11
57    11
Name: transl_table, dtype: object
25032	27767	CDS
			product	hypothetical protein
			locus_tag	XOCWTYBS_CDS_0049
			transl_table	0     11
1     11
2     11
3     11
4     11
5     11
6     11
7     11
8     11
9     11
10    11
11    11
12    11
13    11
14    11
15    11
16    11
17    11
18    11
19    11
20    11
21    11
22    11
23    11
24    11
25    11
26    11
27    11
28    11
29    11
30    11
31    11
32    11
33    11
34    11
35    11
36    11
37    11
38    11
39    11
40    11
41    11
42    11
43    11
44    11
45    11
46    11
47    11
48    11
49    11
50    11
51    11
52    11
53    11
54    11
55    11
56    11
57    11
Name: transl_table, dtype: object
27764	28486	CDS
			product	distal tail protein Dit
			locus_tag	XOCWTYBS_CDS_0050
			transl_table	0     11
1     11
2     11
3     11
4     11
5     11
6     11
7     11
8     11
9     11
10    11
11    11
12    11
13    11
14    11
15    11
16    11
17    11
18    11
19    11
20    11
21    11
22    11
23    11
24    11
25    11
26    11
27    11
28    11
29    11
30    11
31    11
32    11
33    11
34    11
35    11
36    11
37    11
38    11
39    11
40    11
41    11
42    11
43    11
44    11
45    11
46    11
47    11
48    11
49    11
50    11
51    11
52    11
53    11
54    11
55    11
56    11
57    11
Name: transl_table, dtype: object
28652	32161	CDS
			product	tail protein
			locus_tag	XOCWTYBS_CDS_0051
			transl_table	0     11
1     11
2     11
3     11
4     11
5     11
6     11
7     11
8     11
9     11
10    11
11    11
12    11
13    11
14    11
15    11
16    11
17    11
18    11
19    11
20    11
21    11
22    11
23    11
24    11
25    11
26    11
27    11
28    11
29    11
30    11
31    11
32    11
33    11
34    11
35    11
36    11
37    11
38    11
39    11
40    11
41    11
42    11
43    11
44    11
45    11
46    11
47    11
48    11
49    11
50    11
51    11
52    11
53    11
54    11
55    11
56    11
57    11
Name: transl_table, dtype: object
32178	32408	CDS
			product	hypothetical protein
			locus_tag	XOCWTYBS_CDS_0052
			transl_table	0     11
1     11
2     11
3     11
4     11
5     11
6     11
7     11
8     11
9     11
10    11
11    11
12    11
13    11
14    11
15    11
16    11
17    11
18    11
19    11
20    11
21    11
22    11
23    11
24    11
25    11
26    11
27    11
28    11
29    11
30    11
31    11
32    11
33    11
34    11
35    11
36    11
37    11
38    11
39    11
40    11
41    11
42    11
43    11
44    11
45    11
46    11
47    11
48    11
49    11
50    11
51    11
52    11
53    11
54    11
55    11
56    11
57    11
Name: transl_table, dtype: object
32755	32432	CDS
			product	hypothetical protein
			locus_tag	XOCWTYBS_CDS_0053
			transl_table	0     11
1     11
2     11
3     11
4     11
5     11
6     11
7     11
8     11
9     11
10    11
11    11
12    11
13    11
14    11
15    11
16    11
17    11
18    11
19    11
20    11
21    11
22    11
23    11
24    11
25    11
26    11
27    11
28    11
29    11
30    11
31    11
32    11
33    11
34    11
35    11
36    11
37    11
38    11
39    11
40    11
41    11
42    11
43    11
44    11
45    11
46    11
47    11
48    11
49    11
50    11
51    11
52    11
53    11
54    11
55    11
56    11
57    11
Name: transl_table, dtype: object
32784	33194	CDS
			product	hypothetical protein
			locus_tag	XOCWTYBS_CDS_0054
			transl_table	0     11
1     11
2     11
3     11
4     11
5     11
6     11
7     11
8     11
9     11
10    11
11    11
12    11
13    11
14    11
15    11
16    11
17    11
18    11
19    11
20    11
21    11
22    11
23    11
24    11
25    11
26    11
27    11
28    11
29    11
30    11
31    11
32    11
33    11
34    11
35    11
36    11
37    11
38    11
39    11
40    11
41    11
42    11
43    11
44    11
45    11
46    11
47    11
48    11
49    11
50    11
51    11
52    11
53    11
54    11
55    11
56    11
57    11
Name: transl_table, dtype: object
33197	33526	CDS
			product	holin
			locus_tag	XOCWTYBS_CDS_0055
			transl_table	0     11
1     11
2     11
3     11
4     11
5     11
6     11
7     11
8     11
9     11
10    11
11    11
12    11
13    11
14    11
15    11
16    11
17    11
18    11
19    11
20    11
21    11
22    11
23    11
24    11
25    11
26    11
27    11
28    11
29    11
30    11
31    11
32    11
33    11
34    11
35    11
36    11
37    11
38    11
39    11
40    11
41    11
42    11
43    11
44    11
45    11
46    11
47    11
48    11
49    11
50    11
51    11
52    11
53    11
54    11
55    11
56    11
57    11
Name: transl_table, dtype: object
33530	34936	CDS
			product	amidase
			locus_tag	XOCWTYBS_CDS_0056
			transl_table	0     11
1     11
2     11
3     11
4     11
5     11
6     11
7     11
8     11
9     11
10    11
11    11
12    11
13    11
14    11
15    11
16    11
17    11
18    11
19    11
20    11
21    11
22    11
23    11
24    11
25    11
26    11
27    11
28    11
29    11
30    11
31    11
32    11
33    11
34    11
35    11
36    11
37    11
38    11
39    11
40    11
41    11
42    11
43    11
44    11
45    11
46    11
47    11
48    11
49    11
50    11
51    11
52    11
53    11
54    11
55    11
56    11
57    11
Name: transl_table, dtype: object
35143	35328	CDS
			product	toxin
			locus_tag	XOCWTYBS_CDS_0057
			transl_table	0     11
1     11
2     11
3     11
4     11
5     11
6     11
7     11
8     11
9     11
10    11
11    11
12    11
13    11
14    11
15    11
16    11
17    11
18    11
19    11
20    11
21    11
22    11
23    11
24    11
25    11
26    11
27    11
28    11
29    11
30    11
31    11
32    11
33    11
34    11
35    11
36    11
37    11
38    11
39    11
40    11
41    11
42    11
43    11
44    11
45    11
46    11
47    11
48    11
49    11
50    11
51    11
52    11
53    11
54    11
55    11
56    11
57    11
Name: transl_table, dtype: object
35389	35793	CDS
			product	toxin-antitoxin system HicB-like
			locus_tag	XOCWTYBS_CDS_0058
			transl_table	0     11
1     11
2     11
3     11
4     11
5     11
6     11
7     11
8     11
9     11
10    11
11    11
12    11
13    11
14    11
15    11
16    11
17    11
18    11
19    11
20    11
21    11
22    11
23    11
24    11
25    11
26    11
27    11
28    11
29    11
30    11
31    11
32    11
33    11
34    11
35    11
36    11
37    11
38    11
39    11
40    11
41    11
42    11
43    11
44    11
45    11
46    11
47    11
48    11
49    11
50    11
51    11
52    11
53    11
54    11
55    11
56    11
57    11
Name: transl_table, dtype: object
