>Feature MT835550
1	402	CDS
			product	hypothetical protein
			locus_tag	YCBIPMJO_CDS_0001
			transl_table	0     11
1     11
2     11
3     11
4     11
5     11
6     11
7     11
8     11
9     11
10    11
11    11
12    11
13    11
14    11
15    11
16    11
17    11
18    11
19    11
20    11
21    11
22    11
23    11
24    11
25    11
26    11
27    11
28    11
29    11
30    11
31    11
32    11
33    11
34    11
35    11
36    11
37    11
38    11
39    11
40    11
41    11
42    11
43    11
44    11
45    11
46    11
47    11
48    11
49    11
50    11
51    11
52    11
53    11
54    11
55    11
56    11
57    11
58    11
Name: transl_table, dtype: object
399	1013	CDS
			product	hypothetical protein
			locus_tag	YCBIPMJO_CDS_0002
			transl_table	0     11
1     11
2     11
3     11
4     11
5     11
6     11
7     11
8     11
9     11
10    11
11    11
12    11
13    11
14    11
15    11
16    11
17    11
18    11
19    11
20    11
21    11
22    11
23    11
24    11
25    11
26    11
27    11
28    11
29    11
30    11
31    11
32    11
33    11
34    11
35    11
36    11
37    11
38    11
39    11
40    11
41    11
42    11
43    11
44    11
45    11
46    11
47    11
48    11
49    11
50    11
51    11
52    11
53    11
54    11
55    11
56    11
57    11
58    11
Name: transl_table, dtype: object
1028	1459	CDS
			product	hypothetical protein
			locus_tag	YCBIPMJO_CDS_0003
			transl_table	0     11
1     11
2     11
3     11
4     11
5     11
6     11
7     11
8     11
9     11
10    11
11    11
12    11
13    11
14    11
15    11
16    11
17    11
18    11
19    11
20    11
21    11
22    11
23    11
24    11
25    11
26    11
27    11
28    11
29    11
30    11
31    11
32    11
33    11
34    11
35    11
36    11
37    11
38    11
39    11
40    11
41    11
42    11
43    11
44    11
45    11
46    11
47    11
48    11
49    11
50    11
51    11
52    11
53    11
54    11
55    11
56    11
57    11
58    11
Name: transl_table, dtype: object
1452	1712	CDS
			product	hypothetical protein
			locus_tag	YCBIPMJO_CDS_0004
			transl_table	0     11
1     11
2     11
3     11
4     11
5     11
6     11
7     11
8     11
9     11
10    11
11    11
12    11
13    11
14    11
15    11
16    11
17    11
18    11
19    11
20    11
21    11
22    11
23    11
24    11
25    11
26    11
27    11
28    11
29    11
30    11
31    11
32    11
33    11
34    11
35    11
36    11
37    11
38    11
39    11
40    11
41    11
42    11
43    11
44    11
45    11
46    11
47    11
48    11
49    11
50    11
51    11
52    11
53    11
54    11
55    11
56    11
57    11
58    11
Name: transl_table, dtype: object
1772	2410	CDS
			product	hypothetical protein
			locus_tag	YCBIPMJO_CDS_0005
			transl_table	0     11
1     11
2     11
3     11
4     11
5     11
6     11
7     11
8     11
9     11
10    11
11    11
12    11
13    11
14    11
15    11
16    11
17    11
18    11
19    11
20    11
21    11
22    11
23    11
24    11
25    11
26    11
27    11
28    11
29    11
30    11
31    11
32    11
33    11
34    11
35    11
36    11
37    11
38    11
39    11
40    11
41    11
42    11
43    11
44    11
45    11
46    11
47    11
48    11
49    11
50    11
51    11
52    11
53    11
54    11
55    11
56    11
57    11
58    11
Name: transl_table, dtype: object
2416	2877	CDS
			product	hypothetical protein
			locus_tag	YCBIPMJO_CDS_0006
			transl_table	0     11
1     11
2     11
3     11
4     11
5     11
6     11
7     11
8     11
9     11
10    11
11    11
12    11
13    11
14    11
15    11
16    11
17    11
18    11
19    11
20    11
21    11
22    11
23    11
24    11
25    11
26    11
27    11
28    11
29    11
30    11
31    11
32    11
33    11
34    11
35    11
36    11
37    11
38    11
39    11
40    11
41    11
42    11
43    11
44    11
45    11
46    11
47    11
48    11
49    11
50    11
51    11
52    11
53    11
54    11
55    11
56    11
57    11
58    11
Name: transl_table, dtype: object
2874	3500	CDS
			product	hypothetical protein
			locus_tag	YCBIPMJO_CDS_0007
			transl_table	0     11
1     11
2     11
3     11
4     11
5     11
6     11
7     11
8     11
9     11
10    11
11    11
12    11
13    11
14    11
15    11
16    11
17    11
18    11
19    11
20    11
21    11
22    11
23    11
24    11
25    11
26    11
27    11
28    11
29    11
30    11
31    11
32    11
33    11
34    11
35    11
36    11
37    11
38    11
39    11
40    11
41    11
42    11
43    11
44    11
45    11
46    11
47    11
48    11
49    11
50    11
51    11
52    11
53    11
54    11
55    11
56    11
57    11
58    11
Name: transl_table, dtype: object
3632	4312	CDS
			product	hypothetical protein
			locus_tag	YCBIPMJO_CDS_0008
			transl_table	0     11
1     11
2     11
3     11
4     11
5     11
6     11
7     11
8     11
9     11
10    11
11    11
12    11
13    11
14    11
15    11
16    11
17    11
18    11
19    11
20    11
21    11
22    11
23    11
24    11
25    11
26    11
27    11
28    11
29    11
30    11
31    11
32    11
33    11
34    11
35    11
36    11
37    11
38    11
39    11
40    11
41    11
42    11
43    11
44    11
45    11
46    11
47    11
48    11
49    11
50    11
51    11
52    11
53    11
54    11
55    11
56    11
57    11
58    11
Name: transl_table, dtype: object
4343	5083	CDS
			product	hypothetical protein
			locus_tag	YCBIPMJO_CDS_0009
			transl_table	0     11
1     11
2     11
3     11
4     11
5     11
6     11
7     11
8     11
9     11
10    11
11    11
12    11
13    11
14    11
15    11
16    11
17    11
18    11
19    11
20    11
21    11
22    11
23    11
24    11
25    11
26    11
27    11
28    11
29    11
30    11
31    11
32    11
33    11
34    11
35    11
36    11
37    11
38    11
39    11
40    11
41    11
42    11
43    11
44    11
45    11
46    11
47    11
48    11
49    11
50    11
51    11
52    11
53    11
54    11
55    11
56    11
57    11
58    11
Name: transl_table, dtype: object
5169	5384	CDS
			product	hypothetical protein
			locus_tag	YCBIPMJO_CDS_0010
			transl_table	0     11
1     11
2     11
3     11
4     11
5     11
6     11
7     11
8     11
9     11
10    11
11    11
12    11
13    11
14    11
15    11
16    11
17    11
18    11
19    11
20    11
21    11
22    11
23    11
24    11
25    11
26    11
27    11
28    11
29    11
30    11
31    11
32    11
33    11
34    11
35    11
36    11
37    11
38    11
39    11
40    11
41    11
42    11
43    11
44    11
45    11
46    11
47    11
48    11
49    11
50    11
51    11
52    11
53    11
54    11
55    11
56    11
57    11
58    11
Name: transl_table, dtype: object
5381	5920	CDS
			product	hypothetical protein
			locus_tag	YCBIPMJO_CDS_0011
			transl_table	0     11
1     11
2     11
3     11
4     11
5     11
6     11
7     11
8     11
9     11
10    11
11    11
12    11
13    11
14    11
15    11
16    11
17    11
18    11
19    11
20    11
21    11
22    11
23    11
24    11
25    11
26    11
27    11
28    11
29    11
30    11
31    11
32    11
33    11
34    11
35    11
36    11
37    11
38    11
39    11
40    11
41    11
42    11
43    11
44    11
45    11
46    11
47    11
48    11
49    11
50    11
51    11
52    11
53    11
54    11
55    11
56    11
57    11
58    11
Name: transl_table, dtype: object
6379	5966	CDS
			product	hypothetical protein
			locus_tag	YCBIPMJO_CDS_0012
			transl_table	0     11
1     11
2     11
3     11
4     11
5     11
6     11
7     11
8     11
9     11
10    11
11    11
12    11
13    11
14    11
15    11
16    11
17    11
18    11
19    11
20    11
21    11
22    11
23    11
24    11
25    11
26    11
27    11
28    11
29    11
30    11
31    11
32    11
33    11
34    11
35    11
36    11
37    11
38    11
39    11
40    11
41    11
42    11
43    11
44    11
45    11
46    11
47    11
48    11
49    11
50    11
51    11
52    11
53    11
54    11
55    11
56    11
57    11
58    11
Name: transl_table, dtype: object
6455	6847	CDS
			product	hypothetical protein
			locus_tag	YCBIPMJO_CDS_0013
			transl_table	0     11
1     11
2     11
3     11
4     11
5     11
6     11
7     11
8     11
9     11
10    11
11    11
12    11
13    11
14    11
15    11
16    11
17    11
18    11
19    11
20    11
21    11
22    11
23    11
24    11
25    11
26    11
27    11
28    11
29    11
30    11
31    11
32    11
33    11
34    11
35    11
36    11
37    11
38    11
39    11
40    11
41    11
42    11
43    11
44    11
45    11
46    11
47    11
48    11
49    11
50    11
51    11
52    11
53    11
54    11
55    11
56    11
57    11
58    11
Name: transl_table, dtype: object
6858	7193	CDS
			product	hypothetical protein
			locus_tag	YCBIPMJO_CDS_0014
			transl_table	0     11
1     11
2     11
3     11
4     11
5     11
6     11
7     11
8     11
9     11
10    11
11    11
12    11
13    11
14    11
15    11
16    11
17    11
18    11
19    11
20    11
21    11
22    11
23    11
24    11
25    11
26    11
27    11
28    11
29    11
30    11
31    11
32    11
33    11
34    11
35    11
36    11
37    11
38    11
39    11
40    11
41    11
42    11
43    11
44    11
45    11
46    11
47    11
48    11
49    11
50    11
51    11
52    11
53    11
54    11
55    11
56    11
57    11
58    11
Name: transl_table, dtype: object
7159	7422	CDS
			product	hypothetical protein
			locus_tag	YCBIPMJO_CDS_0015
			transl_table	0     11
1     11
2     11
3     11
4     11
5     11
6     11
7     11
8     11
9     11
10    11
11    11
12    11
13    11
14    11
15    11
16    11
17    11
18    11
19    11
20    11
21    11
22    11
23    11
24    11
25    11
26    11
27    11
28    11
29    11
30    11
31    11
32    11
33    11
34    11
35    11
36    11
37    11
38    11
39    11
40    11
41    11
42    11
43    11
44    11
45    11
46    11
47    11
48    11
49    11
50    11
51    11
52    11
53    11
54    11
55    11
56    11
57    11
58    11
Name: transl_table, dtype: object
7419	8843	CDS
			product	ribonucleotide reductase large subunit
			locus_tag	YCBIPMJO_CDS_0016
			transl_table	0     11
1     11
2     11
3     11
4     11
5     11
6     11
7     11
8     11
9     11
10    11
11    11
12    11
13    11
14    11
15    11
16    11
17    11
18    11
19    11
20    11
21    11
22    11
23    11
24    11
25    11
26    11
27    11
28    11
29    11
30    11
31    11
32    11
33    11
34    11
35    11
36    11
37    11
38    11
39    11
40    11
41    11
42    11
43    11
44    11
45    11
46    11
47    11
48    11
49    11
50    11
51    11
52    11
53    11
54    11
55    11
56    11
57    11
58    11
Name: transl_table, dtype: object
8812	9081	CDS
			product	hypothetical protein
			locus_tag	YCBIPMJO_CDS_0017
			transl_table	0     11
1     11
2     11
3     11
4     11
5     11
6     11
7     11
8     11
9     11
10    11
11    11
12    11
13    11
14    11
15    11
16    11
17    11
18    11
19    11
20    11
21    11
22    11
23    11
24    11
25    11
26    11
27    11
28    11
29    11
30    11
31    11
32    11
33    11
34    11
35    11
36    11
37    11
38    11
39    11
40    11
41    11
42    11
43    11
44    11
45    11
46    11
47    11
48    11
49    11
50    11
51    11
52    11
53    11
54    11
55    11
56    11
57    11
58    11
Name: transl_table, dtype: object
9258	9353	CDS
			product	hypothetical protein
			locus_tag	YCBIPMJO_CDS_0018
			transl_table	0     11
1     11
2     11
3     11
4     11
5     11
6     11
7     11
8     11
9     11
10    11
11    11
12    11
13    11
14    11
15    11
16    11
17    11
18    11
19    11
20    11
21    11
22    11
23    11
24    11
25    11
26    11
27    11
28    11
29    11
30    11
31    11
32    11
33    11
34    11
35    11
36    11
37    11
38    11
39    11
40    11
41    11
42    11
43    11
44    11
45    11
46    11
47    11
48    11
49    11
50    11
51    11
52    11
53    11
54    11
55    11
56    11
57    11
58    11
Name: transl_table, dtype: object
9372	9788	CDS
			product	hypothetical protein
			locus_tag	YCBIPMJO_CDS_0019
			transl_table	0     11
1     11
2     11
3     11
4     11
5     11
6     11
7     11
8     11
9     11
10    11
11    11
12    11
13    11
14    11
15    11
16    11
17    11
18    11
19    11
20    11
21    11
22    11
23    11
24    11
25    11
26    11
27    11
28    11
29    11
30    11
31    11
32    11
33    11
34    11
35    11
36    11
37    11
38    11
39    11
40    11
41    11
42    11
43    11
44    11
45    11
46    11
47    11
48    11
49    11
50    11
51    11
52    11
53    11
54    11
55    11
56    11
57    11
58    11
Name: transl_table, dtype: object
10025	11602	CDS
			product	Reverse transcriptase
			locus_tag	YCBIPMJO_CDS_0020
			transl_table	0     11
1     11
2     11
3     11
4     11
5     11
6     11
7     11
8     11
9     11
10    11
11    11
12    11
13    11
14    11
15    11
16    11
17    11
18    11
19    11
20    11
21    11
22    11
23    11
24    11
25    11
26    11
27    11
28    11
29    11
30    11
31    11
32    11
33    11
34    11
35    11
36    11
37    11
38    11
39    11
40    11
41    11
42    11
43    11
44    11
45    11
46    11
47    11
48    11
49    11
50    11
51    11
52    11
53    11
54    11
55    11
56    11
57    11
58    11
Name: transl_table, dtype: object
11610	11876	CDS
			product	hypothetical protein
			locus_tag	YCBIPMJO_CDS_0021
			transl_table	0     11
1     11
2     11
3     11
4     11
5     11
6     11
7     11
8     11
9     11
10    11
11    11
12    11
13    11
14    11
15    11
16    11
17    11
18    11
19    11
20    11
21    11
22    11
23    11
24    11
25    11
26    11
27    11
28    11
29    11
30    11
31    11
32    11
33    11
34    11
35    11
36    11
37    11
38    11
39    11
40    11
41    11
42    11
43    11
44    11
45    11
46    11
47    11
48    11
49    11
50    11
51    11
52    11
53    11
54    11
55    11
56    11
57    11
58    11
Name: transl_table, dtype: object
11890	12060	CDS
			product	hypothetical protein
			locus_tag	YCBIPMJO_CDS_0022
			transl_table	0     11
1     11
2     11
3     11
4     11
5     11
6     11
7     11
8     11
9     11
10    11
11    11
12    11
13    11
14    11
15    11
16    11
17    11
18    11
19    11
20    11
21    11
22    11
23    11
24    11
25    11
26    11
27    11
28    11
29    11
30    11
31    11
32    11
33    11
34    11
35    11
36    11
37    11
38    11
39    11
40    11
41    11
42    11
43    11
44    11
45    11
46    11
47    11
48    11
49    11
50    11
51    11
52    11
53    11
54    11
55    11
56    11
57    11
58    11
Name: transl_table, dtype: object
12094	12426	CDS
			product	hypothetical protein
			locus_tag	YCBIPMJO_CDS_0023
			transl_table	0     11
1     11
2     11
3     11
4     11
5     11
6     11
7     11
8     11
9     11
10    11
11    11
12    11
13    11
14    11
15    11
16    11
17    11
18    11
19    11
20    11
21    11
22    11
23    11
24    11
25    11
26    11
27    11
28    11
29    11
30    11
31    11
32    11
33    11
34    11
35    11
36    11
37    11
38    11
39    11
40    11
41    11
42    11
43    11
44    11
45    11
46    11
47    11
48    11
49    11
50    11
51    11
52    11
53    11
54    11
55    11
56    11
57    11
58    11
Name: transl_table, dtype: object
12531	12929	CDS
			product	hypothetical protein
			locus_tag	YCBIPMJO_CDS_0024
			transl_table	0     11
1     11
2     11
3     11
4     11
5     11
6     11
7     11
8     11
9     11
10    11
11    11
12    11
13    11
14    11
15    11
16    11
17    11
18    11
19    11
20    11
21    11
22    11
23    11
24    11
25    11
26    11
27    11
28    11
29    11
30    11
31    11
32    11
33    11
34    11
35    11
36    11
37    11
38    11
39    11
40    11
41    11
42    11
43    11
44    11
45    11
46    11
47    11
48    11
49    11
50    11
51    11
52    11
53    11
54    11
55    11
56    11
57    11
58    11
Name: transl_table, dtype: object
12938	13612	CDS
			product	hypothetical protein
			locus_tag	YCBIPMJO_CDS_0025
			transl_table	0     11
1     11
2     11
3     11
4     11
5     11
6     11
7     11
8     11
9     11
10    11
11    11
12    11
13    11
14    11
15    11
16    11
17    11
18    11
19    11
20    11
21    11
22    11
23    11
24    11
25    11
26    11
27    11
28    11
29    11
30    11
31    11
32    11
33    11
34    11
35    11
36    11
37    11
38    11
39    11
40    11
41    11
42    11
43    11
44    11
45    11
46    11
47    11
48    11
49    11
50    11
51    11
52    11
53    11
54    11
55    11
56    11
57    11
58    11
Name: transl_table, dtype: object
13614	13859	CDS
			product	hypothetical protein
			locus_tag	YCBIPMJO_CDS_0026
			transl_table	0     11
1     11
2     11
3     11
4     11
5     11
6     11
7     11
8     11
9     11
10    11
11    11
12    11
13    11
14    11
15    11
16    11
17    11
18    11
19    11
20    11
21    11
22    11
23    11
24    11
25    11
26    11
27    11
28    11
29    11
30    11
31    11
32    11
33    11
34    11
35    11
36    11
37    11
38    11
39    11
40    11
41    11
42    11
43    11
44    11
45    11
46    11
47    11
48    11
49    11
50    11
51    11
52    11
53    11
54    11
55    11
56    11
57    11
58    11
Name: transl_table, dtype: object
13856	14077	CDS
			product	hypothetical protein
			locus_tag	YCBIPMJO_CDS_0027
			transl_table	0     11
1     11
2     11
3     11
4     11
5     11
6     11
7     11
8     11
9     11
10    11
11    11
12    11
13    11
14    11
15    11
16    11
17    11
18    11
19    11
20    11
21    11
22    11
23    11
24    11
25    11
26    11
27    11
28    11
29    11
30    11
31    11
32    11
33    11
34    11
35    11
36    11
37    11
38    11
39    11
40    11
41    11
42    11
43    11
44    11
45    11
46    11
47    11
48    11
49    11
50    11
51    11
52    11
53    11
54    11
55    11
56    11
57    11
58    11
Name: transl_table, dtype: object
14074	14490	CDS
			product	hypothetical protein
			locus_tag	YCBIPMJO_CDS_0028
			transl_table	0     11
1     11
2     11
3     11
4     11
5     11
6     11
7     11
8     11
9     11
10    11
11    11
12    11
13    11
14    11
15    11
16    11
17    11
18    11
19    11
20    11
21    11
22    11
23    11
24    11
25    11
26    11
27    11
28    11
29    11
30    11
31    11
32    11
33    11
34    11
35    11
36    11
37    11
38    11
39    11
40    11
41    11
42    11
43    11
44    11
45    11
46    11
47    11
48    11
49    11
50    11
51    11
52    11
53    11
54    11
55    11
56    11
57    11
58    11
Name: transl_table, dtype: object
14521	14625	CDS
			product	hypothetical protein
			locus_tag	YCBIPMJO_CDS_0029
			transl_table	0     11
1     11
2     11
3     11
4     11
5     11
6     11
7     11
8     11
9     11
10    11
11    11
12    11
13    11
14    11
15    11
16    11
17    11
18    11
19    11
20    11
21    11
22    11
23    11
24    11
25    11
26    11
27    11
28    11
29    11
30    11
31    11
32    11
33    11
34    11
35    11
36    11
37    11
38    11
39    11
40    11
41    11
42    11
43    11
44    11
45    11
46    11
47    11
48    11
49    11
50    11
51    11
52    11
53    11
54    11
55    11
56    11
57    11
58    11
Name: transl_table, dtype: object
14631	15014	CDS
			product	hypothetical protein
			locus_tag	YCBIPMJO_CDS_0030
			transl_table	0     11
1     11
2     11
3     11
4     11
5     11
6     11
7     11
8     11
9     11
10    11
11    11
12    11
13    11
14    11
15    11
16    11
17    11
18    11
19    11
20    11
21    11
22    11
23    11
24    11
25    11
26    11
27    11
28    11
29    11
30    11
31    11
32    11
33    11
34    11
35    11
36    11
37    11
38    11
39    11
40    11
41    11
42    11
43    11
44    11
45    11
46    11
47    11
48    11
49    11
50    11
51    11
52    11
53    11
54    11
55    11
56    11
57    11
58    11
Name: transl_table, dtype: object
15114	15554	CDS
			product	hypothetical protein
			locus_tag	YCBIPMJO_CDS_0031
			transl_table	0     11
1     11
2     11
3     11
4     11
5     11
6     11
7     11
8     11
9     11
10    11
11    11
12    11
13    11
14    11
15    11
16    11
17    11
18    11
19    11
20    11
21    11
22    11
23    11
24    11
25    11
26    11
27    11
28    11
29    11
30    11
31    11
32    11
33    11
34    11
35    11
36    11
37    11
38    11
39    11
40    11
41    11
42    11
43    11
44    11
45    11
46    11
47    11
48    11
49    11
50    11
51    11
52    11
53    11
54    11
55    11
56    11
57    11
58    11
Name: transl_table, dtype: object
15651	15758	CDS
			product	hypothetical protein
			locus_tag	YCBIPMJO_CDS_0032
			transl_table	0     11
1     11
2     11
3     11
4     11
5     11
6     11
7     11
8     11
9     11
10    11
11    11
12    11
13    11
14    11
15    11
16    11
17    11
18    11
19    11
20    11
21    11
22    11
23    11
24    11
25    11
26    11
27    11
28    11
29    11
30    11
31    11
32    11
33    11
34    11
35    11
36    11
37    11
38    11
39    11
40    11
41    11
42    11
43    11
44    11
45    11
46    11
47    11
48    11
49    11
50    11
51    11
52    11
53    11
54    11
55    11
56    11
57    11
58    11
Name: transl_table, dtype: object
16351	15755	CDS
			product	hypothetical protein
			locus_tag	YCBIPMJO_CDS_0033
			transl_table	0     11
1     11
2     11
3     11
4     11
5     11
6     11
7     11
8     11
9     11
10    11
11    11
12    11
13    11
14    11
15    11
16    11
17    11
18    11
19    11
20    11
21    11
22    11
23    11
24    11
25    11
26    11
27    11
28    11
29    11
30    11
31    11
32    11
33    11
34    11
35    11
36    11
37    11
38    11
39    11
40    11
41    11
42    11
43    11
44    11
45    11
46    11
47    11
48    11
49    11
50    11
51    11
52    11
53    11
54    11
55    11
56    11
57    11
58    11
Name: transl_table, dtype: object
17071	16421	CDS
			product	hypothetical protein
			locus_tag	YCBIPMJO_CDS_0034
			transl_table	0     11
1     11
2     11
3     11
4     11
5     11
6     11
7     11
8     11
9     11
10    11
11    11
12    11
13    11
14    11
15    11
16    11
17    11
18    11
19    11
20    11
21    11
22    11
23    11
24    11
25    11
26    11
27    11
28    11
29    11
30    11
31    11
32    11
33    11
34    11
35    11
36    11
37    11
38    11
39    11
40    11
41    11
42    11
43    11
44    11
45    11
46    11
47    11
48    11
49    11
50    11
51    11
52    11
53    11
54    11
55    11
56    11
57    11
58    11
Name: transl_table, dtype: object
17524	17246	CDS
			product	hypothetical protein
			locus_tag	YCBIPMJO_CDS_0035
			transl_table	0     11
1     11
2     11
3     11
4     11
5     11
6     11
7     11
8     11
9     11
10    11
11    11
12    11
13    11
14    11
15    11
16    11
17    11
18    11
19    11
20    11
21    11
22    11
23    11
24    11
25    11
26    11
27    11
28    11
29    11
30    11
31    11
32    11
33    11
34    11
35    11
36    11
37    11
38    11
39    11
40    11
41    11
42    11
43    11
44    11
45    11
46    11
47    11
48    11
49    11
50    11
51    11
52    11
53    11
54    11
55    11
56    11
57    11
58    11
Name: transl_table, dtype: object
17936	17538	CDS
			product	hypothetical protein
			locus_tag	YCBIPMJO_CDS_0036
			transl_table	0     11
1     11
2     11
3     11
4     11
5     11
6     11
7     11
8     11
9     11
10    11
11    11
12    11
13    11
14    11
15    11
16    11
17    11
18    11
19    11
20    11
21    11
22    11
23    11
24    11
25    11
26    11
27    11
28    11
29    11
30    11
31    11
32    11
33    11
34    11
35    11
36    11
37    11
38    11
39    11
40    11
41    11
42    11
43    11
44    11
45    11
46    11
47    11
48    11
49    11
50    11
51    11
52    11
53    11
54    11
55    11
56    11
57    11
58    11
Name: transl_table, dtype: object
18537	17965	CDS
			product	hypothetical protein
			locus_tag	YCBIPMJO_CDS_0037
			transl_table	0     11
1     11
2     11
3     11
4     11
5     11
6     11
7     11
8     11
9     11
10    11
11    11
12    11
13    11
14    11
15    11
16    11
17    11
18    11
19    11
20    11
21    11
22    11
23    11
24    11
25    11
26    11
27    11
28    11
29    11
30    11
31    11
32    11
33    11
34    11
35    11
36    11
37    11
38    11
39    11
40    11
41    11
42    11
43    11
44    11
45    11
46    11
47    11
48    11
49    11
50    11
51    11
52    11
53    11
54    11
55    11
56    11
57    11
58    11
Name: transl_table, dtype: object
19565	18438	CDS
			product	hypothetical protein
			locus_tag	YCBIPMJO_CDS_0038
			transl_table	0     11
1     11
2     11
3     11
4     11
5     11
6     11
7     11
8     11
9     11
10    11
11    11
12    11
13    11
14    11
15    11
16    11
17    11
18    11
19    11
20    11
21    11
22    11
23    11
24    11
25    11
26    11
27    11
28    11
29    11
30    11
31    11
32    11
33    11
34    11
35    11
36    11
37    11
38    11
39    11
40    11
41    11
42    11
43    11
44    11
45    11
46    11
47    11
48    11
49    11
50    11
51    11
52    11
53    11
54    11
55    11
56    11
57    11
58    11
Name: transl_table, dtype: object
19995	19519	CDS
			product	hypothetical protein
			locus_tag	YCBIPMJO_CDS_0039
			transl_table	0     11
1     11
2     11
3     11
4     11
5     11
6     11
7     11
8     11
9     11
10    11
11    11
12    11
13    11
14    11
15    11
16    11
17    11
18    11
19    11
20    11
21    11
22    11
23    11
24    11
25    11
26    11
27    11
28    11
29    11
30    11
31    11
32    11
33    11
34    11
35    11
36    11
37    11
38    11
39    11
40    11
41    11
42    11
43    11
44    11
45    11
46    11
47    11
48    11
49    11
50    11
51    11
52    11
53    11
54    11
55    11
56    11
57    11
58    11
Name: transl_table, dtype: object
20381	20022	CDS
			product	hypothetical protein
			locus_tag	YCBIPMJO_CDS_0040
			transl_table	0     11
1     11
2     11
3     11
4     11
5     11
6     11
7     11
8     11
9     11
10    11
11    11
12    11
13    11
14    11
15    11
16    11
17    11
18    11
19    11
20    11
21    11
22    11
23    11
24    11
25    11
26    11
27    11
28    11
29    11
30    11
31    11
32    11
33    11
34    11
35    11
36    11
37    11
38    11
39    11
40    11
41    11
42    11
43    11
44    11
45    11
46    11
47    11
48    11
49    11
50    11
51    11
52    11
53    11
54    11
55    11
56    11
57    11
58    11
Name: transl_table, dtype: object
20765	20454	CDS
			product	hypothetical protein
			locus_tag	YCBIPMJO_CDS_0041
			transl_table	0     11
1     11
2     11
3     11
4     11
5     11
6     11
7     11
8     11
9     11
10    11
11    11
12    11
13    11
14    11
15    11
16    11
17    11
18    11
19    11
20    11
21    11
22    11
23    11
24    11
25    11
26    11
27    11
28    11
29    11
30    11
31    11
32    11
33    11
34    11
35    11
36    11
37    11
38    11
39    11
40    11
41    11
42    11
43    11
44    11
45    11
46    11
47    11
48    11
49    11
50    11
51    11
52    11
53    11
54    11
55    11
56    11
57    11
58    11
Name: transl_table, dtype: object
20695	23265	CDS
			product	ATPase
			locus_tag	YCBIPMJO_CDS_0042
			transl_table	0     11
1     11
2     11
3     11
4     11
5     11
6     11
7     11
8     11
9     11
10    11
11    11
12    11
13    11
14    11
15    11
16    11
17    11
18    11
19    11
20    11
21    11
22    11
23    11
24    11
25    11
26    11
27    11
28    11
29    11
30    11
31    11
32    11
33    11
34    11
35    11
36    11
37    11
38    11
39    11
40    11
41    11
42    11
43    11
44    11
45    11
46    11
47    11
48    11
49    11
50    11
51    11
52    11
53    11
54    11
55    11
56    11
57    11
58    11
Name: transl_table, dtype: object
23295	23690	CDS
			product	hypothetical protein
			locus_tag	YCBIPMJO_CDS_0043
			transl_table	0     11
1     11
2     11
3     11
4     11
5     11
6     11
7     11
8     11
9     11
10    11
11    11
12    11
13    11
14    11
15    11
16    11
17    11
18    11
19    11
20    11
21    11
22    11
23    11
24    11
25    11
26    11
27    11
28    11
29    11
30    11
31    11
32    11
33    11
34    11
35    11
36    11
37    11
38    11
39    11
40    11
41    11
42    11
43    11
44    11
45    11
46    11
47    11
48    11
49    11
50    11
51    11
52    11
53    11
54    11
55    11
56    11
57    11
58    11
Name: transl_table, dtype: object
23748	23921	CDS
			product	hypothetical protein
			locus_tag	YCBIPMJO_CDS_0044
			transl_table	0     11
1     11
2     11
3     11
4     11
5     11
6     11
7     11
8     11
9     11
10    11
11    11
12    11
13    11
14    11
15    11
16    11
17    11
18    11
19    11
20    11
21    11
22    11
23    11
24    11
25    11
26    11
27    11
28    11
29    11
30    11
31    11
32    11
33    11
34    11
35    11
36    11
37    11
38    11
39    11
40    11
41    11
42    11
43    11
44    11
45    11
46    11
47    11
48    11
49    11
50    11
51    11
52    11
53    11
54    11
55    11
56    11
57    11
58    11
Name: transl_table, dtype: object
23918	24316	CDS
			product	hypothetical protein
			locus_tag	YCBIPMJO_CDS_0045
			transl_table	0     11
1     11
2     11
3     11
4     11
5     11
6     11
7     11
8     11
9     11
10    11
11    11
12    11
13    11
14    11
15    11
16    11
17    11
18    11
19    11
20    11
21    11
22    11
23    11
24    11
25    11
26    11
27    11
28    11
29    11
30    11
31    11
32    11
33    11
34    11
35    11
36    11
37    11
38    11
39    11
40    11
41    11
42    11
43    11
44    11
45    11
46    11
47    11
48    11
49    11
50    11
51    11
52    11
53    11
54    11
55    11
56    11
57    11
58    11
Name: transl_table, dtype: object
24696	24436	CDS
			product	hypothetical protein
			locus_tag	YCBIPMJO_CDS_0046
			transl_table	0     11
1     11
2     11
3     11
4     11
5     11
6     11
7     11
8     11
9     11
10    11
11    11
12    11
13    11
14    11
15    11
16    11
17    11
18    11
19    11
20    11
21    11
22    11
23    11
24    11
25    11
26    11
27    11
28    11
29    11
30    11
31    11
32    11
33    11
34    11
35    11
36    11
37    11
38    11
39    11
40    11
41    11
42    11
43    11
44    11
45    11
46    11
47    11
48    11
49    11
50    11
51    11
52    11
53    11
54    11
55    11
56    11
57    11
58    11
Name: transl_table, dtype: object
25310	24693	CDS
			product	hypothetical protein
			locus_tag	YCBIPMJO_CDS_0047
			transl_table	0     11
1     11
2     11
3     11
4     11
5     11
6     11
7     11
8     11
9     11
10    11
11    11
12    11
13    11
14    11
15    11
16    11
17    11
18    11
19    11
20    11
21    11
22    11
23    11
24    11
25    11
26    11
27    11
28    11
29    11
30    11
31    11
32    11
33    11
34    11
35    11
36    11
37    11
38    11
39    11
40    11
41    11
42    11
43    11
44    11
45    11
46    11
47    11
48    11
49    11
50    11
51    11
52    11
53    11
54    11
55    11
56    11
57    11
58    11
Name: transl_table, dtype: object
25733	25350	CDS
			product	hypothetical protein
			locus_tag	YCBIPMJO_CDS_0048
			transl_table	0     11
1     11
2     11
3     11
4     11
5     11
6     11
7     11
8     11
9     11
10    11
11    11
12    11
13    11
14    11
15    11
16    11
17    11
18    11
19    11
20    11
21    11
22    11
23    11
24    11
25    11
26    11
27    11
28    11
29    11
30    11
31    11
32    11
33    11
34    11
35    11
36    11
37    11
38    11
39    11
40    11
41    11
42    11
43    11
44    11
45    11
46    11
47    11
48    11
49    11
50    11
51    11
52    11
53    11
54    11
55    11
56    11
57    11
58    11
Name: transl_table, dtype: object
27134	25749	CDS
			product	hypothetical protein
			locus_tag	YCBIPMJO_CDS_0049
			transl_table	0     11
1     11
2     11
3     11
4     11
5     11
6     11
7     11
8     11
9     11
10    11
11    11
12    11
13    11
14    11
15    11
16    11
17    11
18    11
19    11
20    11
21    11
22    11
23    11
24    11
25    11
26    11
27    11
28    11
29    11
30    11
31    11
32    11
33    11
34    11
35    11
36    11
37    11
38    11
39    11
40    11
41    11
42    11
43    11
44    11
45    11
46    11
47    11
48    11
49    11
50    11
51    11
52    11
53    11
54    11
55    11
56    11
57    11
58    11
Name: transl_table, dtype: object
27745	27134	CDS
			product	hypothetical protein
			locus_tag	YCBIPMJO_CDS_0050
			transl_table	0     11
1     11
2     11
3     11
4     11
5     11
6     11
7     11
8     11
9     11
10    11
11    11
12    11
13    11
14    11
15    11
16    11
17    11
18    11
19    11
20    11
21    11
22    11
23    11
24    11
25    11
26    11
27    11
28    11
29    11
30    11
31    11
32    11
33    11
34    11
35    11
36    11
37    11
38    11
39    11
40    11
41    11
42    11
43    11
44    11
45    11
46    11
47    11
48    11
49    11
50    11
51    11
52    11
53    11
54    11
55    11
56    11
57    11
58    11
Name: transl_table, dtype: object
28320	27742	CDS
			product	hypothetical protein
			locus_tag	YCBIPMJO_CDS_0051
			transl_table	0     11
1     11
2     11
3     11
4     11
5     11
6     11
7     11
8     11
9     11
10    11
11    11
12    11
13    11
14    11
15    11
16    11
17    11
18    11
19    11
20    11
21    11
22    11
23    11
24    11
25    11
26    11
27    11
28    11
29    11
30    11
31    11
32    11
33    11
34    11
35    11
36    11
37    11
38    11
39    11
40    11
41    11
42    11
43    11
44    11
45    11
46    11
47    11
48    11
49    11
50    11
51    11
52    11
53    11
54    11
55    11
56    11
57    11
58    11
Name: transl_table, dtype: object
29648	28317	CDS
			product	hypothetical protein
			locus_tag	YCBIPMJO_CDS_0052
			transl_table	0     11
1     11
2     11
3     11
4     11
5     11
6     11
7     11
8     11
9     11
10    11
11    11
12    11
13    11
14    11
15    11
16    11
17    11
18    11
19    11
20    11
21    11
22    11
23    11
24    11
25    11
26    11
27    11
28    11
29    11
30    11
31    11
32    11
33    11
34    11
35    11
36    11
37    11
38    11
39    11
40    11
41    11
42    11
43    11
44    11
45    11
46    11
47    11
48    11
49    11
50    11
51    11
52    11
53    11
54    11
55    11
56    11
57    11
58    11
Name: transl_table, dtype: object
30125	29661	CDS
			product	hypothetical protein
			locus_tag	YCBIPMJO_CDS_0053
			transl_table	0     11
1     11
2     11
3     11
4     11
5     11
6     11
7     11
8     11
9     11
10    11
11    11
12    11
13    11
14    11
15    11
16    11
17    11
18    11
19    11
20    11
21    11
22    11
23    11
24    11
25    11
26    11
27    11
28    11
29    11
30    11
31    11
32    11
33    11
34    11
35    11
36    11
37    11
38    11
39    11
40    11
41    11
42    11
43    11
44    11
45    11
46    11
47    11
48    11
49    11
50    11
51    11
52    11
53    11
54    11
55    11
56    11
57    11
58    11
Name: transl_table, dtype: object
30952	30128	CDS
			product	hypothetical protein
			locus_tag	YCBIPMJO_CDS_0054
			transl_table	0     11
1     11
2     11
3     11
4     11
5     11
6     11
7     11
8     11
9     11
10    11
11    11
12    11
13    11
14    11
15    11
16    11
17    11
18    11
19    11
20    11
21    11
22    11
23    11
24    11
25    11
26    11
27    11
28    11
29    11
30    11
31    11
32    11
33    11
34    11
35    11
36    11
37    11
38    11
39    11
40    11
41    11
42    11
43    11
44    11
45    11
46    11
47    11
48    11
49    11
50    11
51    11
52    11
53    11
54    11
55    11
56    11
57    11
58    11
Name: transl_table, dtype: object
31637	30975	CDS
			product	hypothetical protein
			locus_tag	YCBIPMJO_CDS_0055
			transl_table	0     11
1     11
2     11
3     11
4     11
5     11
6     11
7     11
8     11
9     11
10    11
11    11
12    11
13    11
14    11
15    11
16    11
17    11
18    11
19    11
20    11
21    11
22    11
23    11
24    11
25    11
26    11
27    11
28    11
29    11
30    11
31    11
32    11
33    11
34    11
35    11
36    11
37    11
38    11
39    11
40    11
41    11
42    11
43    11
44    11
45    11
46    11
47    11
48    11
49    11
50    11
51    11
52    11
53    11
54    11
55    11
56    11
57    11
58    11
Name: transl_table, dtype: object
32852	31677	CDS
			product	hypothetical protein
			locus_tag	YCBIPMJO_CDS_0056
			transl_table	0     11
1     11
2     11
3     11
4     11
5     11
6     11
7     11
8     11
9     11
10    11
11    11
12    11
13    11
14    11
15    11
16    11
17    11
18    11
19    11
20    11
21    11
22    11
23    11
24    11
25    11
26    11
27    11
28    11
29    11
30    11
31    11
32    11
33    11
34    11
35    11
36    11
37    11
38    11
39    11
40    11
41    11
42    11
43    11
44    11
45    11
46    11
47    11
48    11
49    11
50    11
51    11
52    11
53    11
54    11
55    11
56    11
57    11
58    11
Name: transl_table, dtype: object
33116	32862	CDS
			product	hypothetical protein
			locus_tag	YCBIPMJO_CDS_0057
			transl_table	0     11
1     11
2     11
3     11
4     11
5     11
6     11
7     11
8     11
9     11
10    11
11    11
12    11
13    11
14    11
15    11
16    11
17    11
18    11
19    11
20    11
21    11
22    11
23    11
24    11
25    11
26    11
27    11
28    11
29    11
30    11
31    11
32    11
33    11
34    11
35    11
36    11
37    11
38    11
39    11
40    11
41    11
42    11
43    11
44    11
45    11
46    11
47    11
48    11
49    11
50    11
51    11
52    11
53    11
54    11
55    11
56    11
57    11
58    11
Name: transl_table, dtype: object
33910	33122	CDS
			product	hypothetical protein
			locus_tag	YCBIPMJO_CDS_0058
			transl_table	0     11
1     11
2     11
3     11
4     11
5     11
6     11
7     11
8     11
9     11
10    11
11    11
12    11
13    11
14    11
15    11
16    11
17    11
18    11
19    11
20    11
21    11
22    11
23    11
24    11
25    11
26    11
27    11
28    11
29    11
30    11
31    11
32    11
33    11
34    11
35    11
36    11
37    11
38    11
39    11
40    11
41    11
42    11
43    11
44    11
45    11
46    11
47    11
48    11
49    11
50    11
51    11
52    11
53    11
54    11
55    11
56    11
57    11
58    11
Name: transl_table, dtype: object
34007	33885	CDS
			product	hypothetical protein
			locus_tag	YCBIPMJO_CDS_0059
			transl_table	0     11
1     11
2     11
3     11
4     11
5     11
6     11
7     11
8     11
9     11
10    11
11    11
12    11
13    11
14    11
15    11
16    11
17    11
18    11
19    11
20    11
21    11
22    11
23    11
24    11
25    11
26    11
27    11
28    11
29    11
30    11
31    11
32    11
33    11
34    11
35    11
36    11
37    11
38    11
39    11
40    11
41    11
42    11
43    11
44    11
45    11
46    11
47    11
48    11
49    11
50    11
51    11
52    11
53    11
54    11
55    11
56    11
57    11
58    11
Name: transl_table, dtype: object
